LineQMPKD := [ # only cases where b = 1
    [1, 2, 1, 3, 1, 2],
    [2, 2, 1, 3, 2, 4],
    [3, 2, 1, 3, 3, 6],
    [4, 2, 1, 3, 4, 8],
    [5, 2, 1, 3, 5, 10],
    [6, 2, 1, 5, 1, 2],
    [7, 2, 1, 5, 2, 4],
    [8, 2, 1, 5, 3, 6],
    [9, 2, 1, 7, 1, 2],
    [10, 2, 1, 7, 2, 4],
    [11, 2, 1, 11, 1, 2],
    [12, 2, 1, 11, 2, 4],
    [13, 2, 1, 13, 1, 2],
    [14, 2, 1, 17, 1, 2],
    [15, 2, 1, 19, 1, 2],
    [16, 2, 1, 23, 1, 2],
    [17, 2, 1, 29, 1, 2],
    [18, 2, 1, 31, 1, 2],
    [19, 2, 1, 37, 1, 2],
    [20, 2, 1, 41, 1, 2],
    [21, 2, 1, 43, 1, 2],
    [22, 2, 1, 47, 1, 2],
    [23, 2, 1, 53, 1, 2],
    [24, 2, 1, 59, 1, 2],
    [25, 2, 1, 61, 1, 2],
    [26, 2, 1, 67, 1, 2],
    [27, 2, 1, 71, 1, 2],
    [28, 2, 1, 73, 1, 2],
    [29, 2, 1, 79, 1, 2],
    [30, 2, 1, 83, 1, 2],
    [31, 2, 2, 3, 1, 4],
    [32, 2, 2, 3, 2, 8],
    [33, 2, 2, 5, 1, 4],
    [34, 2, 2, 7, 1, 4],
    [35, 2, 2, 11, 1, 4],
    [36, 2, 2, 13, 1, 4],
    [37, 2, 3, 3, 1, 8],
    [38, 2, 3, 5, 1, 8],
    [39, 3, 1, 2, 2, 6],
    [40, 3, 1, 2, 4, 12],
    [41, 3, 1, 5, 2, 6],
    [42, 3, 1, 7, 1, 3],
    [43, 3, 1, 13, 1, 3],
    [44, 3, 1, 19, 1, 3],
];;

LineQMPKD := [ # only cases where b > 1
    [45, 2, 1, 3, 1, 4],
];;

