 2  1  3   1  2  2  48    4   E-
 2  1  5   1  2  2  96    3   E-
 2  1  7   1  2  2  144   7   E-
 2  1  7   1  2  2  96    3   E+
 2  1  11  1  2  2  240   4   E-
 2  1  23  1  2  2  528   3   E-
 2  2  3   1  4  2  640   7   E-
 3  1  2   2  3  3  1296  7   E+
 2  1  3   2  4  3  384   11  E-
 2  1  13  1  2  3  288   2   E-
 2  1  17  1  2  3  384   3   E-
 2  1  19  1  2  3  432   3   E-
 2  1  23  1  2  3  352   1   E+
 2  1  3   3  6  3  1872  6   E-
 2  1  29  1  2  3  672   2   E-
 2  1  31  1  2  3  720   1   E-
 2  1  47  1  2  3  1104  1   E-
 2  2  3   1  4  3  2304  13  E+
 2  2  7   1  4  3  1920  1   E-
 3  1  7   1  3  4  1296  3   E+
 2  1  5   2  4  4  1152  4   E-
 2  1  31  1  2  4  480   1   E+
 2  1  37  1  2  4  864   1   E-
 2  1  41  1  2  4  960   1   E-
 2  1  43  1  2  4  1008  1   E-
 2  1  53  1  2  4  1248  1   E-
 2  1  59  1  2  4  1392  1   E-
 2  1  71  1  2  4  1680  1   E-
 2  2  5   1  4  4  4608  5   E+
