q  m  p  k  d rnk max|G0| numGrps +/-
2  1  3  1  2  0  0  0  E-
2  1  3  1  2  0  0  0  E+
2  1  3  2  2  0  0  0  E-
2  1  3  2  2  0  0  0  E+
2  1  3  3  2  5  208  1  E-
2  1  3  3  2  5  208  1  E+
2  1  3  4  2  5  7680  3  E-
2  1  3  4  2  0  0  0  E+
2  1  5  1  2  0  0  0  E-
2  1  5  1  2  0  0  0  E+
2  1  5  2  2  5  576  5  E-
2  1  5  2  2  0  0  0  E+
2  1  5  3  6  5  8928  1  E-
2  1  5  3  6  0  0  0  E+
2  1  7  1  2  5  24  1  E-
2  1  7  1  2  0  0  0  E+
2  1  7  2  2  5  2304  3  E-
2  1  7  2  2  0  0  0  E+
2  1  11  1  2  0  0  0  E-
2  1  11  1  2  0  0  0  E+
2  1  11  2  4  0  0  0  E-
2  1  11  2  4  0  0  0  E+
2  1  13  1  2  5  96  1  E-
2  1  13  1  2  0  0  0  E+
2  1  13  2  4  0  0  0  E-
2  1  13  2  4  0  0  0  E+
2  1  17  1  2  5  192  2  E-
2  1  17  1  2  0  0  0  E+
2  1  19  1  2  0  0  0  E-
2  1  19  1  2  0  0  0  E+
2  1  23  1  2  0  0  0  E-
2  1  23  1  2  5  176  1  E+
2  1  29  1  2  0  0  0  E-
2  1  29  1  2  0  0  0  E+
2  1  31  1  2  5  360  3  E-
2  1  31  1  2  0  0  0  E+
2  1  37  1  2  0  0  0  E-
2  1  37  1  2  0  0  0  E+
2  1  41  1  2  5  480  1  E-
2  1  41  1  2  0  0  0  E+
2  1  43  1  2  0  0  0  E-
2  1  43  1  2  0  0  0  E+
2  1  47  1  2  5  552  1  E-
2  1  47  1  2  5  736  1  E+
2  1  53  1  2  0  0  0  E-
2  1  53  1  2  0  0  0  E+
2  1  59  1  2  0  0  0  E-
2  1  59  1  2  0  0  0  E+
2  1  61  1  2  5  1440  1  E-
2  1  61  1  2  0  0  0  E+
2  1  67  1  2  5  1584  1  E-
2  1  67  1  2  0  0  0  E+
2  1  71  1  2  0  0  0  E-
2  1  71  1  2  0  0  0  E+
2  1  73  1  2  0  0  0  E-
2  1  73  1  2  0  0  0  E+
2  1  79  1  2  5  1872  1  E-
2  1  79  1  2  0  0  0  E+
2  1  83  1  2  5  1968  1  E-
2  1  83  1  2  0  0  0  E+
2  1  89  1  2  0  0  0  E-
2  1  89  1  2  0  0  0  E+
2  2  3  1  4  0  0  0  E-
2  2  3  1  4  0  0  0  E+
2  2  5  1  4  5  1280  1  E-
2  2  5  1  4  0  0  0  E+
2  2  7  1  4  5  960  1  E-
2  2  7  1  4  0  0  0  E+
2  2  11  1  4  0  0  0  E-
2  2  11  1  4  0  0  0  E+



3  1  2  2  3  0  0  0  E-
3  1  2  2  3  0  0  0  E+
3  1  2  4  3  0  0  0  E-
3  1  2  4  3  5  12960  1  E+
3  1  2  4  12  0  0  0  E-
3  1  2  4  12  5  12960  1  E+
3  1  5  2  3  0  0  0  E-
3  1  5  2  3  0  0  0  E+
3  1  7  1  3  0  0  0  E-
3  1  7  1  3  5  648  2  E+
3  1  13  1  3  0  0  0  E-
3  1  13  1  3  0  0  0  E+
3  1  19  1  3  0  0  0  E-
3  1  19  1  3  0  0  0  E+